 00001 19970101  1   11.77
 00002 19970112  1   12.00
 00002 19970112  5   77.00
 00003 19970102  2   20.76
 00003 19970330  2   20.76
 00003 19970402  2   19.54
 00003 19971115  5   57.45
 00003 19971125  4   20.96
 00016 19970726  4   28.51
 00016 19970910  1    9.99
 00017 19970101  5   73.22
 00018 19970104  1   14.96
 00019 19970101 10  163.35
 00019 19970610  1   11.77
 00020 19970101 27  363.60
 00020 19970118 19  289.41
 00021 19970101  3   63.34
 00021 19970113  1   11.77
 00022 19970101  1   14.37
 00023 19970101  2   24.74
 00024 19970101  3   47.28
 00024 19980120  1   10.49
 00025 19970101  2   24.96
 00025 19970718  1   13.90
 00025 19970817  1   12.25
 00025 19971024  1   12.99
 00025 19980417  1   12.99
 00025 19980525  1   10.49
 00025 19980603  3   24.97
 00025 19980608  2   24.98
 00026 19970101  3   42.72
 00026 19970126  3   59.97
 00027 19970107  6   83.41
 00027 19970112  4   52.46
 00028 19970101  3   39.51
 00028 19970127  2   25.74
 00028 19970308  2   25.74
 00029 19970101  3   46.72
 00029 19970206  3   67.31
 00029 19970309  3   41.10
 00029 19970405  3   44.52
 00029 19970420  1   13.97
 00029 19970504  2   26.14
 00029 19970530  1   32.45
 00029 19970713  2   37.65
 00029 19970713  2   26.74
 00029 19970906  1   14.79
 00029 19971102  3   35.97
 00029 19980426  4   48.45
 00030 19970101  1   14.37
 00030 19970214  1   13.97
 00031 19970101  4   59.06
 00031 19980407  4   42.89
 00031 19980409  3   38.06
 00031 19980525  3   37.04
 00032 19970101  3   49.97
 00032 19970124  1   16.36
 00032 19980311  1   11.88
 00033 19970101  3   41.69
 00033 19970121  2   29.92
 00033 19970216  5   73.42
 00033 19970502  2   40.74
 00033 19970514  3   54.25